2310000
2310001
2310002
2310003
2310004
2310005
2310006
2310007
2310008
2310009
2310010
2310011
2310012
2310013
2310014
2310015
2310016
2310017
2310018
2310019
2310020
2310021
2310022
2310023
2310024
2310025
2310026
2310027
2310028
2310029
2310030
2310031
2310032
2310033
2310034
2310035
2310036
2310037
2310038
2310039
2310040
2310041
2310042
2310043
2310044
2310045
2310046
2310047
2310048
2310049
2310050
2310051
2310052
2310053
2310054
2310055
2310056
2310057
2310058
2310059
2310060
2310061
2310062
2310063
2310064
2310065
2310066
2310067
2310068
2310069
2310070
2310071
2310072
2310073
2310074
2310075
2310076
2310077
2310078
2310079
2310080
2310081
2310082
2310083
2310084
2310085
2310086
2310087
2310088
2310089
2310090
2310091
2310092
2310093
2310094
2310095
2310096
2310097
2310098
2310099
2310100
2310101
2310102
2310103
2310104
2310105
2310106
2310107
2310108
2310109
2310110
2310111
2310112
2310113
2310114
2310115
2310116
2310117
2310118
2310119
2310120
2310121
2310122
2310123
2310124
2310125
2310126
2310127
2310128
2310129
2310130
2310131
2310132
2310133
2310134
2310135
2310136
2310137
2310138
2310139
2310140
2310141
2310142
2310143
2310144
2310145
2310146
2310147
2310148
2310149
2310150
2310151
2310152
2310153
2310154
2310155
2310156
2310157
2310158
2310159
2310160
2310161
2310162
2310163
2310164
2310165
2310166
2310167
2310168
2310169
2310170
2310171
2310172
2310173
2310174
2310175
2310176
2310177
2310178
2310179
2310180
2310181
2310182
2310183
2310184
2310185
2310186
2310187
2310188
2310189
2310190
2310191
2310192
2310193
2310194
2310195
2310196
2310197
2310198
2310199
2310200